# Marooner's Bay
#     @,      a,      b,      c,      d,      e,      f,      g,      h
   0.00,   2.91,   8.76,   6.73,   5.75,  17.57,  15.56,  22.04,  18.96
   2.91,   0.00,  10.28,   8.56,   8.66,  20.21,  18.47,  24.94,  21.71
   8.76,  10.28,   0.00,  13.84,   8.36,  12.16,  14.54,  19.58,  20.37
   6.73,   8.56,  13.84,   0.00,   6.26,  18.45,  13.45,  20.00,  14.45
   5.75,   8.66,   8.36,   6.26,   0.00,  12.72,   9.81,  16.31,  13.68
  17.57,  20.21,  12.16,  18.45,  12.72,   0.00,   8.06,   8.99,  14.59
  15.56,  18.47,  14.54,  13.45,   9.81,   8.06,   0.00,   6.63,   6.75
  22.04,  24.94,  19.58,  20.00,  16.31,   8.99,   6.63,   0.00,   9.04
  18.96,  21.71,  20.37,  14.45,  13.68,  14.59,   6.75,   9.04,   0.00
