# M
# row: gusher you are coming from
# column: gusher you are going to
#    @,     a,     b,     c,     d,     e,     f,     g,     h
  0.00,  0.73,  2.37,  1.86,  1.44,  4.82,  3.89,  5.57,  5.07
  0.73,  0.00,  2.88,  2.40,  2.16,  5.48,  4.62,  6.30,  5.76
  2.37,  2.88,  0.00,  3.46,  2.21,  3.04,  4.04,  5.23,  5.72
  1.86,  2.40,  3.46,  0.00,  1.69,  5.17,  3.67,  5.40,  3.63
  1.44,  2.16,  2.21,  1.69,  0.00,  3.56,  2.45,  4.15,  3.75
  4.82,  5.48,  3.04,  5.17,  3.56,  0.00,  2.02,  2.52,  3.75
  3.89,  4.62,  4.04,  3.67,  2.45,  2.02,  0.00,  1.75,  1.81
  5.57,  6.30,  5.23,  5.40,  4.15,  2.52,  1.75,  0.00,  2.48
  5.07,  5.76,  5.72,  3.63,  3.75,  3.75,  1.81,  2.48,  0.00
