# Ruins of Ark Polaris
# row: gusher you are coming from
# column: gusher you are going to
#     @,      a,      b,      c,      d,      e,      f,      g
  0.000,  0.993,  1.942,  2.099,  2.393,  1.622,  3.130,  2.788
  0.993,  0.000,  2.061,  2.556,  3.376,  1.511,  4.070,  2.684
  1.942,  2.061,  0.000,  1.319,  2.759,  3.497,  4.142,  4.684
  2.099,  2.556,  1.319,  0.000,  1.604,  3.718,  3.630,  4.866
  2.393,  3.376,  2.759,  1.604,  0.000,  3.417,  2.159,  4.145
  1.622,  1.511,  3.497,  3.718,  3.417,  0.000,  3.609,  1.187
  3.130,  4.070,  4.142,  3.630,  2.159,  3.609,  0.000,  3.798
  2.788,  2.684,  4.684,  4.866,  4.145,  1.187,  3.798,  0.000
