# Ruins of Ark Polaris
#     @,      a,      b,      c,      d,      e,      f,      g
   0.00,   3.54,   6.96,   7.91,   8.72,   6.00,  11.68,  10.09
   3.54,   0.00,   7.55,  10.22,  12.19,   5.46,  14.88,   9.59
   6.96,   7.55,   0.00,   4.70,  10.28,  12.49,  16.56,  16.72
   7.91,  10.22,   4.70,   0.00,   6.40,  13.89,  13.78,  17.88
   8.72,  12.19,  10.28,   6.40,   0.00,  13.36,   7.86,  16.43
   6.00,   5.46,  12.49,  13.89,  13.36,   0.00,  12.87,   4.23
  11.68,  14.88,  16.56,  13.78,   7.86,  12.87,   0.00,  13.95
  10.09,   9.59,  16.72,  17.88,  16.43,   4.23,  13.95,   0.00
