# Salmonid Smokeyard
# row: gusher you are coming from
# column: gusher you are going to
#     @,      a,      b,      c,      d,      e,      f,      g
  0.000,  1.483,  1.204,  1.517,  3.083,  2.650,  3.692,  3.475
  1.483,  0.000,  1.363,  2.708,  3.154,  4.002,  4.671,  4.952
  1.204,  1.363,  0.000,  2.700,  1.916,  3.605,  3.413,  4.000
  1.517,  2.708,  2.700,  0.000,  4.502,  1.300,  4.593,  2.754
  3.083,  3.154,  1.916,  4.502,  0.000,  5.212,  3.082,  4.375
  2.650,  4.002,  3.605,  1.300,  5.212,  0.000,  4.900,  2.430
  3.692,  4.671,  3.413,  4.593,  3.082,  4.900,  0.000,  2.684
  3.475,  4.952,  4.000,  2.754,  4.375,  2.430,  2.684,  0.000
